100. ,
98. ,
100. ,
100. ,
99. ,
100. ,
100. ,
98. ,
96. ,
95. ,
97. ,
98. ,
94. ,
99. ,
96. ,
100. ,
95. ,
94. ,
95. ,
95. ,
96. ,
100. ,
95. ,
99. ,
95. ,
93. ,
97. ,
92. ,
95. ,
96. ,
98. ,
92. ,
87. ,
98. ,
97. ,
96. ,
95. ,
99. ,
92. ,
95. ,
94. ,
94. ,
81. ,
78. ,
88. ,
86. ,
86. ,
83. ,
73. ,
78. ,
76. ,
77. ,
71. ,
71. ,
64. ,
60. ,
63. ,
61. ,
68. ,
57. ,
49. ,
51. ,
48. ,
54. ,
54. ,
55. ,
48. ,
45. ,
43. ,
45. ,
45. ,
43. ,
45. ,
41. ,
36. ,
39. ,
38. ,
37. ,
37. ,
34. ,
38. ,
35. ,
45. ,
40. ,
38. ,
39. ,
45. ,
43. ,
39. ,
41. ,
43. ,
47. ,
42. ,
49. ,
45. ,
43. ,
51. ,
50. ,
54. ,
53. ,
47. ,
49. ,
52. ,
54. ,
57. ,
57. ,
59. ,
55. ,
66. ,
67. ,
61. ,
63. ,
63. ,
72. ,
71. ,
71. ,
70. ,
66. ,
72. ,
72. ,
74. ,
70. ,
73. ,
70. ,
74. ,
69. ,
77. ,
74. ,
74. ,
78. ,
75. ,
80. ,
79. ,
76. ,
77. ,
73. ,
77. ,
71. ,
76. ,
76. ,
74. ,
80. ,
78. ,
79.