14.5,
14. ,
13.6,
14.2,
14.3,
13.6,
13.9,
14.2,
13.8,
14. ,
14.3,
14.3,
13.4,
13.7,
13.6,
13.5,
13.7,
13.1,
12.9,
13.2,
13.1,
12.6,
13. ,
13. ,
11.8,
12.3,
11.3,
12.3,
11.6,
12. ,
12.1,
12.4,
12. ,
11.6,
12.1,
12.3,
11.9,
12.1,
11.9,
11.8,
12.5,
12. ,
11.6,
11.9,
12. ,
12.1,
11.7,
12.1,
12.4,
11.6,
11.7,
12.1,
12.1,
12.2,
11.8,
12.5,
11.7,
12.2,
11.7,
11.8,
12.8,
13.2,
12.9,
13.3,
13.1,
12.6,
14.3,
15.2,
15.4,
15.3,
15.2,
14.9,
17.4,
17.1,
16.8,
17.2,
17.1,
16.9,
18.8,
18.5,
19.4,
18.4,
18.9,
18.8,
21.1,
20.4,
21.8,
20.7,
20.9,
21.4,
20.7,
21.1,
20.9,
21.4,
20.9,
21.1,
20.7,
20.1,
20.1,
20.1,
20.1,
20.3,
19.3,
18.5,
19. ,
18.9,
19.4,
19.2,
17.2,
16.7,
16.6,
17.1,
17. ,
17.3,
16.1,
16.1,
16.3,
15.9,
16. ,
15.7,
13.7,
14.1,
14. ,
13.8,
14.2,
13.7,
12.9,
12.8,
12.9,
12.9,
13. ,
13.2,
12.4,
12.9,
12.6,
12.5,
13.4,
13. ,
11.5,
12.3,
12.2,
11.4,
12.2,
11.7