135
123
132
124
136
132
123
136
136
134
128
135
140
127
135
135
120
124
138
130
126
130
120
123
122
124
134
131
133
122
121
125
137
122
134
122
139
125
127
135
130
138
127
132
137
140
122
135
140
124
132
137
131
136
121
132
139
133
127
122
132
134
135
138
133
128
124
138
140
140
129
130
130
125
130
140
137
129
123
131
121
133
121
127
135
126
124
122
126
128
121
139
121
138
137
126
125
139
125
133
129
127
132
132
121
133
127
121
132
136
124
130
138
122
139
133
136
121
139
126
139
137
128
130
130
131
126
126
131
128
122
132
122
124
124
132
133
132
130
128
139
137
124
127
138
122
133
130
125
132
127
133
122
129
131
128
125
126
124
140
132
138
128
136
131
129
126
128
122
135
122
134
138
123
128
120
134
139
131
136
122
135
134
136
125
134
136
137
122
137
134
137
132
126
121
125
135
135
122
131
121
133
137
132
131
134
126
130
127
130
133
126
138
140
129
126
123
138
132
123
124
133
138
123
134
121
134
128
122
132
124
126
138
120
138
134
130
139
138
126
129
135
121
135
126
134
140
136
127
128
127
139
130
125
129
131
131
140
137
124
132
130
125
136
132
126
139
120
129
137
138
126
122
127
130
129
140
134
140
133
123
139
129
139
124
126
122
136
123
120
137
124
121
132
127
123
134
133
129
137
140
134
132
128
123
132
139
127
124
137
133
134
124
138
133
122
125
123
121
120
135
128
132
134
121
132
136
137
127
128
121
132
135
140
138
136
125
124
132
128
135
127
124
123
122
122
135
122
139
121
136
127
132
131
133
138
127
127
120
132
134
130
137
126
138
120
120
140
125
128
132
125
131
124
128
137
126
136
135
135
120
140
133
126
121
130
132
124
120
125
139
136
135
130
138
133
125
124
130
139
137
129
122
139
129
124
140
129
124
139
120
120
132
123
137
120
123
120
127
128
114
116
116
117
119
111
111
110
118
111
117
116
111
117
114
112
115
113
113
111
119
118
117
114
119
115
112
111
119
118
117
113
113
111
112
113
114
118
111
117
115
117
117
119
111
113
112
113
114
119
111
116
114
117
117
117
111
113
119
118
103
108
107
109
102
100
108
101
102
107
101
109
108
109
103
107
101
101
106
103
101
103
107
109
106
105
101
104
109
108
105
104
104
109
100
100
102
101
109
109
106
109
107
102
104
106
102
103
100
104
101
100
106
109
104
100
100
105
108
108
95
98
95
92
97
95
97
95
90
98
96
99
97
96
99
92
93
90
98
98
96
93
94
93
90
97
94
91
91
97
91
97
98
95
97
92
98
98
90
92
93
97
92
99
97
93
96
98
94
95
93
95
98
91
96
99
90
93
96
91
81
81
81
88
87
87
88
85
82
85
84
83
80
88
88
84
89
87
81
89
85
87
86
85
89
88
89
85
82
87
80
81
89
89
86
81
80
85
89
81
82
87
83
87
88
88
83
88
84
86
86
85
80
88
83
80
87
88
84
82
73
78
70
74
75
70
79
76
71
74
78
75
70
73
71
71
74
74
77
76
74
74
79
79
73
75
75
75
77
77
76
73
72
74
77
70
79
72
77
73
77
73
78
74
73
76
78
77
73
70
73
74
79
73
78
72
74
71
76
72
62
63
66
65
65
69
62
69
68
67
62
65
66
61
69
60
61
68
62
69
62
63
60
69
64
64
69
67
67
60
65
67
64
62
68
63
65
65
64
66
63
60
62
63
61
66
63
69
61
62
68
68
62
63
61
60
67
62
65
65
55
54
56
50
59
51
53
54
51
57
52
52
50
53
52
50
58
54
51
54
53
50
51
53
53
55
54
50
55
59
50
55
55
51
51
54
51
55
56
58
56
56
57
50
53
56
55
51
53
56
52
57
57
57
54
50
58
50
52
52
54
54
54
55
52
51
53
58
58
59
59
56
60
60
52
58
51
57
60
55
58
52
60
50
58
50
56
52
50
57
60
59
57
56
59
57
57
53
52
59
56
59
53
58
55
60
52
54
53
50
52
53
51
60
58
55
50
60
56
54
60
65
60
70
63
69
69
65
60
60
68
60
66
66
61
60
63
67
63
65
65
60
62
61
67
66
67
69
65
64
63
64
69
63
61
61
64
70
60
62
70
66
67
67
68
66
69
62
61
66
64
65
66
68
69
66
65
68
68
66
70
74
75
77
76
71
79
71
70
77
71
70
70
80
75
76
79
73
76
70
79
76
75
77
76
70
71
74
73
75
73
76
72
74
79
79
78
70
73
73
70
77
77
77
76
75
71
74
73
76
71
70
72
75
80
80
78
80
73
71
80
83
89
82
84
87
89
84
87
90
89
85
88
87
89
87
81
89
86
87
82
84
80
83
88
82
82
84
83
86
84
86
83
83
84
81
89
87
89
87
84
83
81
87
87
86
85
90
84
89
85
84
81
83
90
88
89
81
88
89
97
99
93
99
91
95
94
93
91
99
91
98
94
96
93
96
94
93
91
99
99
98
97
94
99
97
92
90
98
93
98
95
91
98
100
100
91
98
95
100
92
98
90
100
92
93
92
95
99
94
92
93
97
95
94
98
92
97
97
92
100
105
103
107
102
101
106
109
110
109
105
100
108
103
104
104
108
105
107
109
105
109
101
107
108
110
100
100
103
110
100
100
103
107
107
102
100
100
107
110
110
109
106
110
100
106
102
101
107
106
108
102
101
109
101
106
105
101
110
110
133
122
120
137
133
132
127
127
122
132
138
125
133
122
138
132
138
134
134
121
120
135
127
139
126
139
140
124
137
129
135
135
130
134
126
128
120
138
135
124
131
134
127
138
136
135
121
126
139
139
138
127
140
140
133
124
132
125
131
135
125
124
129
129
121
129
135
124
127
133
139
123
131
123
136
129
122
133
139
134
135
131
135
137
132
125
126
135
140
124
123
135
123
128
121
126
130
137
126
130
133
139
120
131
121
140
134
121
122
122
128
133
136
120
137
124
129
123
132
126
138
123
139
138
136
125
129
138
124
133
135
131
129
125
123
120
126
121
122
134
135
120
125
127
124
136
132
137
130
134
140
132
134
130
133
120
136
132
139
131
139
133
133
126
136
126
138
122
137
133
137
122
137
133
129
121
125
135
132
132
130
137
132
133
138
137
120
129
123
125
128
137
140
128
130
134
127
131
122
133
130
127
123
122
131
136
121
140
140
130
134
129
138
140
136
136
131
139
131
120
130
140
136
126
132
126
127
134
135
131
136
125
134
124
128
140
136
140
137
140
