5.4,
4.4,
5.4,
6. ,
4.6,
4.8,
5.6,
5.2,
4.3,
4.5,
5.5,
5.1,
5.1,
4.8,
5.4,
4.9,
4.3,
5.2,
4.5,
6. ,
4.8,
4.9,
5.7,
5.2,
5. ,
4.7,
5.3,
4.8,
5.9,
4.7,
5.2,
4.5,
5.4,
5. ,
5. ,
4.6,
5.5,
5.7,
4.8,
4.8,
5. ,
4.9 ,
0.5,
0.9,
1.5,
0.4,
1.1,
0.6,
1.2,
1.5,
0.4,
1.6,
0.1,
0.3,
0.7,
1.5,
0.6,
1. ,
1.7,
0.7 ,
0.4,
0. ,
0. ,
0. ,
0. ,
0. ,
0.3,
0. ,
0.3,
0.1,
1.1,
0.3,
0. ,
0. ,
0.1,
0.4,
0. ,
0.3,
0.4,
0. ,
0.8,
0.5,
0.1,
0.2,
3.1,
2.2,
3.4,
3.5,
2.5,
2.9,
3. ,
2.8,
3.1,
2.1,
3.3,
2.9,
3. ,
2.6,
3.8,
3.3,
2. ,
3.1,
2. ,
1.7,
3.3,
3.5,
3.5,
3.8,
2.7,
3.3,
2.8,
2.7,
3.1,
2.5,
2.9,
2.7,
1.8,
3.2,
3.1,
4. ,
3.8,
3.4,
2.4,
3.6,
3.3,
3. ,
3.3,
2.3,
3.1,
3. ,
2.6,
2.8,
4.8,
5.6,
5.7,
4.7,
5.3,
5. ,
4.9,
6.3,
4.2,
5.3,
3.9,
5.7